Date 	Numéros gagnants
2016-12-29
06 16 40 43 46 (6)
2016-12-26
05 18 26 42 45 (4)
2016-12-22
04 07 08 38 40 (6)
2016-12-19
03 09 10 13 25 (4)
2016-12-15
24 28 36 39 48 (3)
2016-12-12
06 07 10 14 33 (5)
2016-12-08
06 07 28 30 38 (6)
2016-12-05
16 24 29 37 40 (3)
2016-12-01
04 23 34 39 40 (3)
2016-11-28
02 14 30 34 43 (7)
2016-11-24
02 10 14 40 45 (3)
2016-11-21
17 23 28 30 48 (5)
2016-11-17
02 05 09 17 44 (1)
2016-11-14
08 12 17 23 29 (3)
2016-11-10
01 11 16 46 48 (5)
2016-11-07
10 21 23 30 32 (5)
2016-11-03
09 12 19 24 39 (4)
2016-10-31
03 14 25 30 45 (2)
2016-10-27
05 14 24 30 34 (7)
2016-10-24
08 09 28 36 48 (1)
2016-10-20
08 14 18 35 37 (5)
24 27 28 43 49 (6)
2017-12-25
08 11 16 40 46 (4)
2017-12-21
12 32 38 46 47 (4)
2017-12-18
13 19 27 33 41 (1)
2017-12-14
05 07 23 39 47 (7)
2017-12-11
17 19 20 37 47 (6)
2017-12-07
07 17 31 39 46 (6)
2017-12-04
12 26 31 37 45 (4)
2017-11-30
07 15 31 35 48 (7)
2017-11-27
06 09 25 33 34 (1)
2017-11-23
02 22 25 34 39 (1)
2017-11-20
03 10 13 30 34 (4)
2017-11-16
09 12 22 37 44 (6)
2017-11-13
32 37 38 41 42 (2)
2017-11-09
06 12 15 17 39 (2)
2017-11-06
04 18 22 38 48 (2)
2017-11-02
16 17 26 32 38 (1)
2017-10-30
16 27 32 34 45 (2)
2017-10-26
05 17 24 35 36 (7)
2017-10-23
05 14 22 34 40 (4)
2017-10-19
07 27 39 42 44 (7)
Lots bonis
03 10 13 38 46
01 17 24 28 31
02 05 08 40 46
21 22 30 35 49
06 07 08 21 42
2017-10-16
02 32 39 40 42 (7)
Lots bonis
09 10 21 30 34
12 14 21 24 26
07 09 16 36 39
03 08 18 19 37
01 02 17 23 29
2017-10-12
03 07 11 23 45 (2)
2017-10-09
13 27 35 39 43 (7)
2017-10-05
05 22 40 47 48 (7)
2017-10-02
02 12 14 35 45 (3)
2017-09-28
15 17 20 35 36 (3)
2017-09-25
19 28 30 34 39 (5)
2017-09-21
02 04 12 23 47 (2)
2017-09-18
01 02 07 08 19 (5)
2017-09-14
18 19 24 35 42 (1)
2017-09-11
03 10 23 37 39 (3)
2017-09-07
03 08 35 41 44 (1)
2017-09-04
03 05 34 41 45 (3)
2017-08-31
03 04 06 27 37 (6)
2017-08-28
17 21 22 28 44 (1)
2017-08-24
08 30 33 34 47 (6)
2017-08-21
06 20 21 32 33 (2)
2017-08-17
22 33 37 40 46 (7)
2017-08-14
02 05 09 15 33 (5)
2017-08-10
05 10 16 18 37 (2)
2017-08-07
02 03 27 35 49 (7)
2017-08-03
19 24 35 37 43 (5)
2017-07-31
10 13 26 32 33 (4)
2017-07-27
04 05 11 24 49 (1)
2017-07-24
21 32 33 39 46 (2)
2017-07-20
06 10 17 33 47 (5)
2017-07-17
08 10 26 28 35 (2)
2017-07-13
14 16 37 42 44 (6)
2017-07-10
14 18 39 42 49 (2)
2017-07-06
06 21 22 26 45 (7)
2017-07-03
01 03 07 13 42 (2)
2017-06-29
01 02 26 36 46 (4)
2017-06-26
20 25 39 44 46 (3)
2017-06-22
09 21 30 43 49 (1)
2017-06-19
07 12 25 36 49 (2)
2017-06-15
04 12 20 28 33 (1)
2017-06-12
19 23 45 47 48 (3)
2017-06-08
11 21 37 44 47 (4)
Lots bonis
06 11 16 33 43
19 20 29 36 46
04 10 22 36 41
04 06 11 28 41
11 21 27 35 38
2017-06-05
06 21 23 29 45 (2)
Lots bonis
18 21 38 41 46
04 08 20 33 49
09 10 12 22 43
06 07 11 16 18
24 26 33 42 48
2017-06-01
10 18 20 21 48 (7)
2017-05-29
04 13 16 36 49 (2)
2017-05-25
04 08 18 29 43 (7)
2017-05-22
15 18 27 30 45 (1)
2017-05-18
09 13 18 42 43 (7)
2017-05-15
01 35 39 45 46 (4)
2017-05-11
01 13 24 28 47 (7)
2017-05-08
07 25 26 37 48 (3)
2017-05-04
12 14 23 27 39 (3)
2017-05-01
05 15 19 34 41 (6)
2017-04-27
02 10 13 24 37 (5)
2017-04-24
08 15 36 40 47 (5)
2017-04-20
12 24 32 33 42 (7)
2017-04-17
09 17 20 43 48 (1)
2017-04-13
03 06 10 39 44 (6)
2017-04-10
01 25 33 37 41 (5)
2017-04-06
06 17 26 27 36 (3)
2017-04-03
03 05 06 29 33 (4)
2017-03-30
02 20 22 34 40 (2)
2017-03-27
10 14 20 29 33 (2)
2017-03-23
20 27 34 43 47 (4)
2017-03-20
03 04 05 35 42 (6)
2017-03-16
01 05 24 27 41 (5)
2017-03-13
04 25 31 38 42 (2)
2017-03-09
08 30 31 38 40 (1)
2017-03-06
06 10 13 28 47 (5)
2017-03-02
19 27 31 41 43 (2)
2017-02-27
04 08 14 22 34 (1)
2017-02-23
11 20 21 24 39 (1)
2017-02-20
08 12 14 16 44 (1)
2017-02-16
02 05 20 21 47 (7)
2017-02-13
07 15 23 30 47 (1)
2017-02-09
07 09 33 34 48 (1)
2017-02-06
04 42 46 47 48 (7)
2017-02-02
06 07 31 34 38 (2)
2017-01-30
16 19 32 35 44 (3)
2017-01-26
19 25 27 34 44 (1)
2017-01-23
10 31 40 42 46 (2)
2017-01-19
05 07 11 13 32 (6)
2017-01-16
03 19 24 37 46 (6)
2017-01-12
11 17 24 35 38 (6)
2017-01-09
21 26 27 30 47 (1)
2017-01-05
20 26 37 45 49 (5)
2017-01-02
06 25 26 42 47 (3)
2018-12-31
03 20 38 42 46 (3)
2018-12-27
03 22 25 27 41 (2)
2018-12-24
07 19 20 21 48 (5)
2018-12-20
13 24 26 32 42 (1)
2018-12-17
14 17 29 40 46 (7)
2018-12-13
04 20 28 34 49 (4)
2018-12-10
05 11 15 34 40 (3)
Lots bonis
09 14 16 24 46
17 20 29 39 41
18 20 29 32 49
06 27 28 47 49
02 11 24 26 31
2018-12-06
04 30 31 35 45 (6)
Lots bonis
12 24 31 45 49
04 28 32 44 46
04 08 12 14 43
01 05 15 40 43
02 13 30 45 47
2018-12-03
01 04 13 17 49 (6)
2018-11-29
04 15 19 23 48 (5)
2018-11-26
08 26 28 37 47 (1)
2018-11-22
04 24 25 29 42 (7)
2018-11-19
29 31 35 36 46 (5)
2018-11-15
13 27 38 42 49 (1)
2018-11-12
02 13 18 19 43 (2)
2018-11-08
06 07 29 33 35 (3)
2018-11-05
04 27 34 40 42 (1)
2018-11-01
02 03 05 17 39 (7)
2018-10-29
08 11 12 13 23 (3)
2018-10-25
05 11 14 16 39 (7)
2018-10-22
10 11 33 40 42 (5)
2018-10-18
02 23 29 32 48 (3)
2018-10-15
10 18 24 37 39 (1)
2018-10-11
01 11 25 26 39 (6)
2018-10-08
01 13 24 41 42 (4)
2018-10-04
02 14 39 46 49 (3)
2018-10-01
07 25 28 45 49 (4)
2018-09-27
03 09 12 21 47 (3)
2018-09-24
14 25 27 28 43 (4)
2018-09-20
03 10 15 23 48 (2)
Lots bonis
06 13 17 33 47
01 23 31 32 40
04 05 06 26 47
25 29 33 35 36
09 11 12 29 37
2018-09-17
04 15 20 24 48 (5)
Lots bonis
05 09 20 29 32
03 13 20 27 38
09 11 19 33 37
20 24 43 47 48
08 10 16 41 48
2018-09-13
01 11 25 29 46 (7)
2018-09-10
03 29 31 43 48 (7)
2018-09-06
04 08 20 22 49 (6)
2018-09-03
13 26 36 39 49 (1)
2018-08-30
25 28 35 39 48 (5)
2018-08-27
07 15 23 31 48 (4)
2018-08-23
05 11 16 24 42 (4)
2018-08-20
08 12 18 35 40 (2)
2018-08-16
08 09 25 31 41 (2)
2018-08-13
05 09 30 31 47 (7)
2018-08-09
02 15 21 32 34 (3)
2018-08-06
11 29 31 34 38 (7)
2018-08-02
06 09 22 32 38 (7)
2018-07-30
15 17 30 44 47 (6)
2018-07-26
32 34 43 44 46 (6)
2018-07-23
19 32 38 44 48 (2)
2018-07-19
27 31 36 38 39 (6)
2018-07-16
05 11 27 34 46 (1)
2018-07-12
01 02 32 36 39 (4)
2018-07-09
13 26 41 42 47 (2)
2018-07-05
14 20 27 40 41 (2)
2018-07-02
05 18 23 39 42 (3)
2018-06-28
06 39 40 48 49 (4)
2018-06-25
12 20 30 43 46 (2)
2018-06-21
13 28 30 31 43 (7)
2018-06-18
01 16 31 44 48 (2)
2018-06-14
01 19 33 41 47 (1)
2018-06-11
01 12 19 26 35 (7)
2018-06-07
02 03 04 40 47 (1)
2018-06-04
01 05 11 30 38 (5)
2018-05-31
02 09 41 45 48 (1)
2018-05-28
14 28 29 42 48 (5)
2018-05-24
18 26 38 43 49 (7)
2018-05-21
06 08 22 30 38 (6)
2018-05-17
01 05 18 42 46 (3)
2018-05-14
03 07 11 13 25 (1)
Lots bonis
01 10 12 25 44
06 15 26 38 45
02 26 29 30 31
04 06 09 10 42
15 16 32 33 40
23 34 35 40 47
14 23 32 46 47
05 10 22 29 48
15 25 28 39 48
03 04 28 41 48
2018-05-10
04 16 25 34 39 (4)
Lots bonis
12 13 17 20 34
04 19 30 44 46
05 06 11 31 36
20 28 40 43 49
04 09 16 26 45
08 11 18 22 32
12 13 30 33 40
05 13 20 21 23
09 26 35 44 45
20 27 30 37 44
2018-05-07
01 36 39 45 49 (6)
2018-05-03
01 04 29 38 47 (5)
2018-04-30
07 24 25 35 37 (2)
2018-04-26
06 14 22 26 35 (7)
2018-04-23
13 20 21 37 38 (3)
2018-04-19
13 21 24 26 43 (1)
2018-04-16
14 17 32 38 49 (7)
2018-04-12
31 38 40 41 44 (5)
2018-04-09
02 09 34 41 43 (1)
2018-04-05
05 08 13 18 47 (4)
2018-04-02
22 25 44 45 48 (6)
2018-03-29
14 17 29 36 43 (1)
2018-03-26
14 22 26 36 45 (7)
2018-03-22
03 09 18 19 22 (2)
2018-03-19
06 30 34 46 49 (4)
2018-03-15
09 10 14 23 44 (6)
2018-03-12
04 17 23 24 32 (4)
2018-03-08
11 17 38 43 49 (1)
2018-03-05
12 21 29 33 35 (3)
2018-03-01
01 15 24 31 42 (1)
2018-02-26
03 35 40 45 48 (1)
2018-02-22
14 20 24 26 32 (1)
2018-02-19
02 08 26 43 45 (5)
2018-02-15
02 06 12 32 43 (1)
2018-02-12
17 21 34 42 44 (3)
2018-02-08
12 15 22 34 49 (3)
2018-02-05
06 15 25 32 46 (1)
2018-02-01
04 07 17 25 41 (7)
2018-01-29
07 16 27 34 38 (3)
2018-01-25
15 22 27 32 44 (1)
2018-01-22
06 26 27 43 44 (7)
2018-01-18
05 30 33 36 48 (2)
2018-01-15
04 10 20 37 41 (3)
2018-01-11
01 11 24 35 38 (2)
2018-01-08
04 10 38 43 46 (3)
2018-01-04
03 04 11 30 37 (6)
2018-01-01
26 29 36 40 45 (1)
 01 25 33 42 47 (2)
2019-12-26
03 12 13 21 37 (5)
2019-12-23
04 08 23 40 45 (7)
2019-12-19
07 09 21 43 48 (1)
2019-12-16
17 22 26 38 44 (7)
2019-12-12
10 23 32 33 45 (7)
2019-12-09
06 20 34 38 49 (3)
2019-12-05
02 14 34 40 43 (2)
2019-12-02
09 10 26 37 43 (3)
2019-11-28
14 21 24 27 40 (7)
2019-11-25
05 06 09 20 42 (3)
2019-11-21
15 24 29 39 47 (4)
2019-11-18
22 25 33 44 47 (1)
2019-11-14
07 10 23 33 44 (5)
2019-11-11
07 14 20 22 42 (6)
2019-11-07
09 30 31 37 42 (7)
2019-11-04
01 02 13 18 38 (2)
2019-10-31
17 18 27 42 46 (2)
2019-10-28
07 12 17 18 39 (5)
2019-10-24
03 13 16 19 40 (5)
2019-10-21
16 25 27 28 41 (3)
2019-10-17
07 14 17 23 24 (7)
2019-10-14
04 08 21 29 42 (5)
2019-10-10
06 12 19 34 49 (7)
2019-10-07
04 07 17 24 29 (1)
2019-10-03
01 02 04 19 23 (5)
2019-09-30
03 12 41 43 46 (1)
2019-09-26
04 06 14 21 37 (3)
2019-09-23
15 27 29 31 44 (6)
2019-09-19
06 19 24 35 46 (2)
Lots bonis
04 22 25 32 37
06 08 19 22 46
11 13 20 28 32
15 24 25 36 49
22 37 39 41 44
2019-09-16
03 13 25 26 29 (3)
Lots bonis
03 09 12 32 37
04 13 20 39 45
05 06 08 10 42
06 10 17 18 44
07 33 37 39 40
2019-09-12
04 12 30 32 48 (7)
2019-09-09
15 32 39 42 48 (3)
2019-09-05
10 30 36 38 44 (4)
2019-09-02
16 28 36 37 49 (1)
2019-08-29
01 04 06 07 27 (7)
2019-08-26
04 13 23 27 38 (2)
2019-08-22
05 12 15 25 32 (6)
2019-08-19
11 14 21 41 42 (3)
2019-08-15
06 17 19 31 43 (2)
2019-08-12
09 17 36 44 49 (2)
2019-08-08
24 25 36 39 41 (6)
2019-08-05
06 20 37 43 44 (7)
2019-08-01
04 07 24 31 35 (4)
2019-07-29
01 03 22 32 40 (1)
2019-07-25
16 26 27 36 38 (2)
2019-07-22
04 29 42 44 49 (4)
2019-07-18
02 09 33 36 38 (4)
2019-07-15
03 06 12 29 37 (1)
2019-07-11
09 15 21 36 43 (1)
2019-07-08
02 20 27 34 37 (2)
2019-07-04
08 30 31 39 41 (7)
2019-07-01
16 18 34 36 46 (1)
2019-06-27
06 33 36 42 43 (3)
2019-06-24
09 25 31 34 36 (2)
2019-06-20
07 20 22 38 46 (7)
2019-06-17
04 06 08 13 47 (3)
2019-06-13
01 07 18 26 28 (6)
2019-06-10
17 18 31 35 48 (6)
2019-06-06
09 26 36 46 49 (7)
2019-06-03
06 22 30 32 34 (2)
2019-05-30
13 18 32 34 38 (5)
2019-05-27
01 04 12 19 21 (1)
2019-05-23
10 15 22 41 47 (6)
2019-05-20
01 17 30 31 49 (5)
2019-05-16
13 15 37 43 49 (6)
2019-05-13
06 07 11 23 25 (7)
2019-05-09
01 03 10 19 27 (3)
2019-05-06
03 24 29 36 43 (3)
2019-05-02
07 08 24 38 39 (3)
2019-04-29
03 11 36 41 48 (1)
2019-04-25
08 09 30 36 39 (1)
2019-04-22
05 17 19 30 44 (6)
2019-04-18
19 34 36 44 49 (5)
2019-04-15
01 03 07 26 29 (7)
2019-04-11
11 19 20 29 39 (5)
Lots bonis
03 08 38 44 49
07 24 31 33 45
13 15 41 43 49
18 22 26 34 48
22 23 25 34 47
2019-04-08
14 16 17 37 48 (5)
Lots bonis
02 13 32 41 46
03 24 25 38 46
10 11 12 19 32
11 21 22 31 32
11 22 33 37 49
2019-04-04
04 29 35 38 47 (3)
2019-04-01
02 24 30 38 48 (1)
2019-03-28
11 12 14 15 22 (3)
2019-03-25
02 04 08 41 47 (3)
2019-03-21
15 19 30 34 49 (1)
2019-03-18
01 07 11 37 47 (5)
2019-03-14
03 13 18 29 46 (1)
2019-03-11
07 10 25 30 47 (5)
2019-03-07
12 14 15 29 30 (5)
2019-03-04
01 09 21 31 39 (7)
2019-02-28
04 21 29 30 35 (3)
Lots bonis
32 40 43 44 45
15 17 39 47 48
10 13 23 30 40
04 11 32 35 42
07 13 35 39 41
2019-02-25
02 18 26 37 48 (5)
Lots bonis
14 15 22 40 42
06 26 28 38 40
01 16 23 35 49
09 13 41 47 48
18 26 31 38 40
2019-02-21
01 09 11 32 41 (7)
2019-02-18
07 09 14 25 46 (1)
2019-02-14
01 05 10 33 48 (2)
2019-02-11
14 23 41 46 47 (5)
2019-02-07
13 22 32 34 46 (5)
2019-02-04
03 15 16 42 45 (5)
2019-01-31
21 25 37 40 42 (6)
2019-01-28
07 19 27 33 35 (1)
2019-01-24
01 05 06 15 31 (4)
2019-01-21
08 09 18 43 48 (2)
2019-01-17
09 14 17 18 41 (2)
2019-01-14
02 25 33 39 40 (2)
2019-01-10
07 09 13 19 29 (7)
2019-01-07
02 07 08 28 31 (2)
2019-01-03
02 04 12 17 37 (6)
 11 15 37 39 42 (3)
2020-12-28
02 21 22 29 30 (6)
2020-12-24
06 27 31 35 44 (5)
2020-12-21
04 33 37 46 49 (5)
2020-12-17
14 23 24 39 41 (4)
2020-12-14
17 22 29 45 49 (1)
2020-12-10
03 08 09 10 48 (6)
2020-12-07
17 29 35 44 48 (3)
2020-12-03
07 12 18 21 43 (4)
2020-11-30
22 24 33 41 44 (1)
2020-11-26
05 13 23 24 46 (3)
2020-11-23
06 34 37 43 45 (7)
2020-11-19
21 23 35 37 43 (5)
2020-11-16
14 32 35 40 44 (5)
2020-11-12
05 13 14 29 43 (1)
2020-11-09
02 21 33 41 42 (4)
2020-11-05
02 28 33 34 38 (2)
2020-11-02
07 10 27 38 49 (6)
2020-10-29
14 19 35 43 44 (6)
Lots bonis
01 15 16 34 43
08 19 25 40 41
08 33 34 41 45
2020-10-26
07 09 29 33 39 (1)
Lots bonis
05 07 09 17 20
08 10 11 24 33
13 24 35 36 42
2020-10-22
04 14 24 29 31 (1)
2020-10-19
17 28 37 46 48 (5)
2020-10-15
21 23 37 41 46 (4)
2020-10-12
10 27 29 46 47 (2)
2020-10-08
10 11 26 33 40 (5)
2020-10-05
05 10 23 27 43 (1)
2020-10-01
01 07 14 30 41 (7)
2020-09-28
03 12 16 23 39 (6)
2020-09-24
23 28 35 36 49 (2)
2020-09-21
14 27 30 34 37 (6)
2020-09-17
10 18 26 31 47 (7)
2020-09-14
08 12 14 32 49 (4)
2020-09-10
04 10 16 17 24 (1)
2020-09-07
01 06 11 14 16 (4)
2020-09-03
15 28 30 34 47 (5)
2020-08-31
01 03 09 10 46 (2)
2020-08-27
16 24 30 39 44 (5)
2020-08-24
03 22 38 40 49 (5)
2020-08-20
19 22 38 45 46 (6)
2020-08-17
11 18 32 42 48 (4)
2020-08-13
02 05 07 13 27 (4)
2020-08-10
07 08 22 34 45 (4)
2020-08-06
22 24 27 43 46 (6)
2020-08-03
12 18 22 40 44 (2)
2020-07-30
09 22 23 35 45 (4)
2020-07-27
04 05 11 12 27 (4)
2020-07-23
04 12 18 33 39 (3)
2020-07-20
12 20 32 43 45 (6)
2020-07-16
20 24 31 34 49 (3)
2020-07-13
06 07 16 26 32 (2)
2020-07-09
03 08 13 17 27 (1)
2020-07-06
05 07 18 28 39 (1)
2020-07-02
07 14 24 29 36 (7)
2020-06-29
02 12 13 20 34 (3)
2020-06-25
25 28 30 48 49 (3)
2020-06-22
02 04 28 35 38 (1)
2020-06-18
04 18 25 26 46 (5)
2020-06-15
23 30 38 40 43 (6)
2020-06-11
03 04 10 25 32 (6)
2020-06-08
12 19 34 35 48 (7)
2020-06-04
06 21 25 34 38 (7)
2020-06-01
06 22 35 38 47 (5)
2020-05-28
11 12 36 39 46 (1)
2020-05-25
15 35 42 43 45 (7)
2020-05-21
04 26 47 48 49 (2)
2020-05-18
03 09 10 30 41 (6)
2020-05-14
32 35 43 45 46 (3)
2020-05-11
14 18 28 45 47 (1)
2020-05-07
09 12 15 38 47 (2)
2020-05-04
01 05 24 26 47 (5)
2020-04-30
06 09 17 25 35 (2)
2020-04-27
02 21 32 39 47 (1)
2020-04-23
04 19 21 25 41 (6)
2020-04-20
08 13 27 33 44 (1)
2020-04-16
10 11 22 35 40 (7)
2020-04-13
01 12 17 27 31 (1)
2020-04-09
08 11 12 22 48 (7)
Lots bonis
04 06 28 29 43
05 09 16 20 48
06 12 18 30 39
07 22 26 33 34
15 21 25 39 42
2020-04-06
01 11 19 28 43 (6)
Lots bonis
01 04 19 28 44
01 12 21 38 40
10 23 38 42 43
12 25 35 37 40
16 23 27 30 33
2020-04-02
20 21 29 33 35 (1)
2020-03-30
02 10 15 39 48 (4)
2020-03-26
08 09 17 25 36 (6)
2020-03-23
05 15 23 36 47 (3)
2020-03-19
12 32 39 40 49 (7)
2020-03-16
13 23 24 31 49 (4)
2020-03-12
16 19 31 41 49 (1)
2020-03-09
10 17 23 28 40 (5)
2020-03-05
04 20 37 42 46 (3)
2020-03-02
01 13 24 31 49 (7)
2020-02-27
06 10 22 35 45 (1)
2020-02-24
02 04 09 29 30 (4)
2020-02-20
09 12 13 41 42 (5)
2020-02-17
04 05 07 39 48 (5)
2020-02-13
21 31 33 44 45 (6)
2020-02-10
01 08 19 28 33 (3)
2020-02-06
14 19 25 28 37 (7)
2020-02-03
02 19 39 44 49 (4)
2020-01-30
08 16 19 22 37 (6)
2020-01-27
08 21 30 35 38 (2)
2020-01-23
13 17 19 48 49 (3)
2020-01-20
06 08 19 20 49 (2)
2020-01-16
16 23 28 37 41 (2)
2020-01-13
05 09 14 17 20 (4)
2020-01-09
11 21 25 42 47 (3)
2020-01-06
11 19 31 38 43 (4)
2020-01-02
04 15 19 26 44 (2)
 21 25 29 42 43 (1)
2021-12-27
08 26 33 46 48 (1)
2021-12-23
08 17 30 31 47 (3)
2021-12-20
03 37 38 40 45 (4)
2021-12-16
06 22 33 38 39 (6)
2021-12-13
14 16 17 37 38 (6)
2021-12-09
08 19 29 35 43 (6)
2021-12-06
14 17 27 30 39 (7)
2021-12-02
01 17 39 45 48 (2)
2021-11-29
01 04 05 06 41 (2)
2021-11-25
13 17 19 32 34 (7)
2021-11-22
14 15 21 22 47 (3)
2021-11-18
01 09 35 36 40 (2)
2021-11-15
17 21 22 31 46 (2)
2021-11-11
17 19 21 33 47 (5)
2021-11-08
06 14 25 37 41 (1)
2021-11-04
19 31 34 35 48 (5)
2021-11-01
05 13 15 17 49 (3)
2021-10-28
11 26 29 32 44 (2)
Lots bonis
11 13 14 23 41
12 27 34 44 49
19 26 31 35 37
2021-10-25
06 20 38 43 46 (2)
Lots bonis
01 03 05 24 39
11 30 32 39 47
17 18 40 43 44
2021-10-21
03 08 14 32 43 (1)
2021-10-18
10 16 20 29 35 (6)
2021-10-14
08 18 26 38 40 (6)
2021-10-11
11 15 19 34 42 (4)
2021-10-07
02 09 16 31 39 (2)
2021-10-04
05 09 10 41 47 (3)
2021-09-30
17 18 25 39 44 (2)
2021-09-27
01 12 26 34 35 (1)
2021-09-23
02 03 05 32 38 (4)
2021-09-20
06 16 32 44 47 (3)
2021-09-16
03 21 28 32 37 (6)
2021-09-13
01 17 23 38 43 (2)
2021-09-09
16 23 32 35 36 (2)
2021-09-06
03 22 34 41 49 (2)
2021-09-02
02 17 25 33 43 (1)
2021-08-30
13 34 38 45 46 (7)
2021-08-26
02 13 23 31 33 (3)
2021-08-23
03 04 31 36 43 (4)
2021-08-19
01 02 03 07 08 (1)
2021-08-16
02 05 09 25 41 (2)
2021-08-12
06 25 47 48 49 (2)
2021-08-09
03 14 15 27 28 (2)
2021-08-05
16 19 21 29 43 (2)
2021-08-02
04 14 19 42 45 (6)
2021-07-29
20 26 40 44 46 (6)
2021-07-26
21 27 30 42 44 (3)
2021-07-22
08 17 33 35 39 (2)
2021-07-19
15 17 20 21 35 (3)
2021-07-15
23 27 29 37 39 (3)
2021-07-12
05 10 15 25 46 (7)
2021-07-08
06 25 31 36 40 (1)
2021-07-05
04 10 14 27 39 (4)
2021-07-01
02 09 14 20 21 (6)
2021-06-28
13 15 31 37 38 (4)
2021-06-24
06 08 26 28 46 (7)
2021-06-21
10 29 33 44 48 (2)
2021-06-17
11 16 17 39 46 (5)
Lots bonis
03 04 11 19 27
03 07 11 18 43
09 12 28 31 34
2021-06-14
07 10 15 27 45 (4)
Lots bonis
04 08 25 35 44
05 08 27 28 29
06 24 26 39 49
2021-06-10
04 15 22 44 46 (1)
2021-06-07
09 15 24 39 46 (6)
2021-06-03
02 21 31 36 38 (7)
2021-05-31
02 16 27 29 48 (4)
2021-05-27
17 28 38 45 47 (7)
2021-05-24
08 18 23 27 36 (3)
2021-05-20
01 14 24 31 44 (1)
2021-05-17
02 14 43 47 49 (7)
2021-05-13
13 15 38 41 44 (5)
2021-05-10
02 03 15 36 43 (5)
2021-05-06
14 24 25 26 38 (3)
2021-05-03
07 24 29 47 49 (1)
2021-04-29
05 19 23 37 47 (2)
2021-04-26
12 34 35 36 42 (2)
2021-04-22
14 20 35 40 47 (2)
2021-04-19
10 28 31 42 47 (2)
2021-04-15
01 33 38 39 45 (1)
2021-04-12
23 29 42 47 48 (2)
2021-04-08
10 26 33 39 43 (2)
2021-04-05
05 12 25 27 44 (6)
2021-04-01
01 02 08 35 49 (3)
2021-03-29
07 08 18 45 48 (4)
2021-03-25
02 04 06 14 45 (7)
2021-03-22
09 18 24 28 45 (1)
2021-03-18
07 21 22 39 44 (4)
2021-03-15
08 15 20 26 30 (6)
2021-03-11
06 12 14 17 46 (4)
2021-03-08
14 30 36 43 44 (5)
2021-03-04
03 15 21 24 26 (4)
2021-03-01
06 14 16 30 48 (2)
2021-02-25
05 16 29 35 40 (1)
2021-02-22
04 16 25 26 42 (5)
2021-02-18
07 15 16 19 41 (6)
2021-02-15
09 18 25 27 41 (1)
2021-02-11
03 32 42 43 49 (5)
2021-02-08
03 04 18 28 41 (1)
2021-02-04
09 11 36 38 48 (6)
2021-02-01
06 30 36 41 45 (3)
2021-01-28
01 07 11 18 22 (4)
2021-01-25
14 17 21 42 43 (3)
2021-01-21
06 14 16 28 37 (1)
2021-01-18
02 03 05 37 45 (3)
2021-01-14
04 07 13 15 47 (1)
2021-01-11
01 05 22 30 38 (7)
2021-01-07
02 15 28 38 42 (2)
2021-01-04
06 15 20 30 31 (1)
 01 11 20 31 43 (3)
2022-12-26
04 07 16 30 43 (5)
2022-12-22
12 20 28 41 44 (2)
2022-12-19
09 26 28 29 48 (2)
2022-12-15
10 24 33 43 44 (7)
2022-12-12
02 03 20 26 28 (2)
2022-12-08
17 32 33 41 45 (4)
2022-12-05
09 39 40 41 45 (1)
2022-12-01
01 26 27 38 46 (7)
2022-11-28
06 08 10 32 33 (2)
2022-11-24
25 32 42 43 46 (4)
2022-11-21
05 07 12 32 49 (6)
2022-11-17
13 22 31 37 45 (2)
2022-11-14
02 03 05 12 27 (3)
2022-11-10
02 15 20 31 49 (3)
2022-11-07
03 15 27 41 47 (5)
2022-11-03
15 18 28 33 45 (7)
2022-10-31
15 33 36 41 48 (1)
2022-10-27
07 08 23 41 45 (4)
2022-10-24
16 23 34 36 45 (2)
2022-10-20
14 19 20 37 40 (6)
2022-10-17
18 31 34 36 42 (1)
2022-10-13
05 11 20 22 37 (4)
2022-10-10
05 11 15 21 43 (6)
2022-10-06
14 19 30 38 48 (4)
2022-10-03
17 20 23 28 45 (6)
2022-09-29
04 05 20 26 48 (1)
2022-09-26
07 18 26 33 39 (6)
2022-09-22
03 22 26 40 45 (4)
2022-09-19
04 07 08 11 13 (4)
2022-09-15
03 11 23 33 48 (4)
2022-09-12
01 11 37 41 46 (2)
2022-09-08
08 22 28 42 43 (4)
2022-09-05
02 04 13 15 45 (2)
2022-09-01
14 15 34 41 44 (4)
2022-08-29
07 11 32 37 41 (5)
Lots bonis
05 10 24 25 31
14 15 21 24 39
15 20 27 39 41
2022-08-25
03 08 14 24 33 (7)
Lots bonis
04 21 34 44 47
09 23 25 31 33
16 20 28 40 41
2022-08-22
05 12 14 44 49 (1)
2022-08-18
06 11 18 22 34 (2)
2022-08-15
15 26 38 40 45 (4)
2022-08-11
28 37 43 45 47 (7)
2022-08-08
01 22 29 34 47 (5)
2022-08-04
08 22 27 36 43 (6)
2022-08-01
16 20 27 36 42 (2)
2022-07-28
01 03 18 23 33 (4)
2022-07-25
01 07 31 41 46 (7)
2022-07-21
13 18 28 30 41 (2)
2022-07-18
05 06 12 33 48 (3)
2022-07-14
03 12 14 16 45 (4)
2022-07-11
01 05 18 34 49 (2)
2022-07-07
15 23 24 36 46 (4)
2022-07-04
18 30 32 34 44 (4)
2022-06-30
10 31 35 45 46 (7)
2022-06-27
03 04 05 19 25 (7)
2022-06-23
16 17 18 32 44 (5)
2022-06-20
07 08 18 21 32 (1)
Lots bonis
02 05 14 31 45
03 11 13 38 39
05 15 27 30 32
2022-06-16
01 15 23 36 44 (7)
Lots bonis
04 09 14 16 45
05 09 10 23 40
06 14 31 34 38
2022-06-13
03 09 18 43 46 (5)
2022-06-09
01 13 15 43 48 (2)
2022-06-06
24 31 32 44 47 (6)
2022-06-02
04 26 37 40 44 (4)
2022-05-30
11 14 27 36 44 (5)
2022-05-26
13 14 28 34 48 (6)
2022-05-23
07 12 27 28 33 (1)
2022-05-19
13 14 30 31 34 (6)
2022-05-16
07 32 34 40 44 (2)
2022-05-12
02 03 12 25 32 (6)
2022-05-09
14 29 40 45 47 (1)
2022-05-05
06 23 25 38 41 (1)
2022-05-02
01 08 17 26 38 (1)
2022-04-28
11 17 20 39 40 (3)
2022-04-25
11 25 29 30 40 (6)
2022-04-21
02 06 16 42 44 (4)
2022-04-18
01 13 15 28 37 (2)
2022-04-14
12 23 26 30 32 (4)
2022-04-11
32 34 40 42 43 (2)
2022-04-07
17 27 32 36 38 (2)
2022-04-04
01 08 11 22 27 (3)
2022-03-31
02 06 23 45 48 (7)
2022-03-28
07 11 13 16 40 (5)
2022-03-24
09 14 29 34 37 (2)
2022-03-21
08 17 18 26 29 (7)
2022-03-17
06 10 12 35 42 (6)
2022-03-14
03 09 13 17 45 (4)
2022-03-10
05 26 27 43 47 (5)
2022-03-07
08 11 32 34 43 (7)
2022-03-03
01 24 29 37 43 (2)
2022-02-28
08 13 24 32 46 (6)
2022-02-24
16 29 31 34 35 (5)
2022-02-21
02 18 33 35 39 (7)
2022-02-17
08 10 30 40 44 (3)
2022-02-14
02 07 17 45 49 (2)
2022-02-10
01 02 18 38 49 (1)
2022-02-07
06 23 25 44 46 (2)
2022-02-03
15 19 24 30 43 (4)
2022-01-31
04 13 17 32 47 (4)
2022-01-27
02 29 34 46 47 (2)
2022-01-24
12 13 23 28 45 (6)
2022-01-20
04 16 40 43 49 (3)
Lots bonis
01 26 33 34 43
12 14 23 28 39
16 30 32 41 42
2022-01-17
06 16 42 45 46 (6)
Lots bonis
03 07 09 19 41
08 25 43 47 48
11 20 31 37 43
2022-01-13
07 21 25 33 48 (7)
2022-01-10
10 28 35 40 43 (5)
2022-01-06
31 39 41 44 49 (1)
2022-01-03
06 08 15 29 41 (6)
 02 11 17 32 34 (6)
2023-12-25
02 13 24 27 34 (3)
2023-12-21
11 14 39 44 46 (4)
2023-12-18
06 12 15 29 48 (5)
2023-12-14
02 05 13 18 29 (7)
2023-12-11
12 18 25 34 40 (1)
2023-12-07
03 10 20 26 39 (5)
2023-12-04
01 08 11 26 37 (2)
2023-11-30
31 32 34 39 49 (6)
2023-11-27
13 16 18 27 30 (6)
2023-11-23
01 12 14 20 31 (4)
2023-11-20
03 36 38 42 48 (6)
2023-11-16
05 27 30 41 42 (2)
2023-11-13
01 08 28 40 45 (5)
2023-11-09
01 11 12 33 44 (4)
2023-11-06
13 15 17 38 46 (6)
2023-11-02
07 08 24 26 47 (7)
2023-10-30
07 25 31 43 49 (4)
Lots bonis
07 16 28 37 43
07 16 34 40 49
14 24 34 43 44
2023-10-26
07 22 25 39 43 (3)
Lots bonis
02 33 40 48 49
04 15 19 29 44
09 13 19 27 43
2023-10-23
07 17 27 31 44 (5)
2023-10-19
03 22 24 31 47 (4)
2023-10-16
11 27 30 41 42 (6)
2023-10-12
02 05 21 30 46 (7)
2023-10-09
16 28 35 40 42 (1)
2023-10-05
02 05 09 13 48 (7)
2023-10-02
05 12 23 41 49 (2)
2023-09-28
30 31 34 35 47 (2)
2023-09-25
02 22 34 36 37 (6)
2023-09-21
02 07 12 21 27 (5)
2023-09-18
07 21 28 33 42 (2)
2023-09-14
04 13 28 35 49 (6)
2023-09-11
10 11 13 25 36 (7)
2023-09-07
01 10 25 31 39 (5)
2023-09-04
11 14 25 37 39 (7)
2023-08-31
13 26 38 39 41 (6)
2023-08-28
02 13 16 30 49 (6)
2023-08-24
03 05 15 21 28 (2)
2023-08-21
04 10 13 18 47 (2)
2023-08-17
12 13 16 28 34 (1)
2023-08-14
06 21 24 28 33 (1)
2023-08-10
15 25 28 29 31 (2)
2023-08-07
02 11 18 27 47 (6)
2023-08-03
07 12 17 18 28 (6)
2023-07-31
01 10 23 32 37 (5)
2023-07-27
06 14 18 35 45 (7)
2023-07-24
13 23 30 31 37 (3)
2023-07-20
01 08 33 45 46 (4)
2023-07-17
05 08 25 27 37 (4)
2023-07-13
17 19 35 38 40 (2)
2023-07-10
05 19 27 41 46 (6)
2023-07-06
09 10 14 32 41 (5)
2023-07-03
17 19 20 39 42 (7)
2023-06-29
01 39 44 46 48 (3)
2023-06-26
12 14 23 41 48 (5)
2023-06-22
14 17 27 29 47 (7)
2023-06-19
04 16 18 30 48 (6)
Lots bonis
02 11 19 29 37
03 06 11 44 48
08 24 27 39 46
2023-06-15
05 07 12 24 28 (4)
Lots bonis
03 24 37 43 49
07 12 14 27 30
11 12 22 36 46
2023-06-12
12 20 26 34 45 (4)
2023-06-08
14 19 23 28 48 (5)
2023-06-05
06 19 23 38 43 (5)
2023-06-01
01 13 20 37 41 (3)
2023-05-29
04 14 20 23 35 (5)
2023-05-25
04 12 16 21 46 (5)
2023-05-22
04 17 20 34 39 (5)
2023-05-18
03 08 20 40 43 (6)
2023-05-15
24 28 37 39 46 (6)
2023-05-11
04 05 12 14 25 (6)
2023-05-08
02 09 15 22 33 (3)
2023-05-04
01 02 08 46 47 (4)
2023-05-01
11 12 20 47 48 (6)
2023-04-27
04 08 16 17 20 (5)
2023-04-24
06 27 30 38 45 (5)
2023-04-20
06 07 13 32 41 (7)
2023-04-17
04 17 34 35 45 (1)
2023-04-13
04 11 35 38 46 (5)
2023-04-10
13 34 35 37 46 (7)
2023-04-06
17 21 34 36 37 (1)
2023-04-03
01 16 28 31 33 (1)
2023-03-30
08 09 13 38 40 (2)
2023-03-27
14 24 31 47 49 (4)
2023-03-23
11 13 16 18 21 (2)
2023-03-20
05 07 17 25 35 (1)
2023-03-16
16 17 26 41 48 (2)
2023-03-13
02 09 11 20 34 (2)
2023-03-09
02 10 11 21 38 (4)
2023-03-06
15 17 21 35 36 (2)
2023-03-02
03 16 17 23 36 (2)
2023-02-27
05 15 26 38 44 (7)
2023-02-23
05 19 20 22 27 (1)
2023-02-20
07 17 19 24 45 (1)
2023-02-16
13 16 17 18 21 (3)
2023-02-13
06 10 19 27 38 (3)
2023-02-09
14 31 33 38 47 (1)
2023-02-06
07 10 26 33 44 (7)
2023-02-02
11 14 16 23 44 (7)
2023-01-30
20 23 31 34 42 (1)
2023-01-26
17 24 28 32 37 (5)
2023-01-23
16 19 22 37 44 (5)
2023-01-19
07 09 23 34 43 (5)
Lots bonis
07 10 20 31 46
16 30 33 36 40
23 24 26 38 43
2023-01-16
14 19 21 36 48 (1)
Lots bonis
03 09 11 14 33
04 10 20 25 39
07 13 16 17 48
2023-01-12
04 07 27 33 48 (7)
2023-01-09
05 13 15 22 45 (6)
2023-01-05
01 27 32 33 35 (4)
2023-01-02
02 19 20 27 47 (5)
12 20 30 35 37  (2)
2024-12-26
02 08 12 15 18  (3)
2024-12-23
04 07 19 35 45  (4)
2024-12-19
04 06 21 27 33  (2)
2024-12-16
01 03 15 36 40  (3)
2024-12-12
10 12 20 36 44  (4)
2024-12-09
07 11 14 27 40  (2)
2024-12-05
23 28 36 41 42  (6)
2024-12-02
06 10 14 28 44  (3)
2024-11-28
02 09 29 36 38  (5)
2024-11-25
08 15 20 30 33  (2)
2024-11-21
02 19 33 35 45  (6)
2024-11-18
02 18 23 44 48  (2)
2024-11-14
01 17 27 43 46  (1)
2024-11-11
05 26 33 41 45  (7)
2024-11-07
20 25 31 37 49  (4)
2024-11-04
05 18 25 32 39  (1)
2024-10-31
10 26 30 35 48  (5)
Lots bonis
01 15 16 27 44
03 27 29 30 41
07 08 21 26 40
2024-10-28
06 14 18 33 41  (2)
Lots bonis
08 16 25 31 44
18 33 37 43 44
20 34 42 44 49
2024-10-24
23 29 41 45 47  (7)
2024-10-21
15 23 27 33 39  (6)
2024-10-17
03 10 14 28 49  (3)
2024-10-14
05 18 25 26 42  (3)
2024-10-10
05 10 25 41 46  (6)
2024-10-07
01 23 27 29 32  (2)
2024-10-03
10 32 41 46 47  (6)
2024-09-30
06 18 25 35 43  (5)
2024-09-26
23 27 33 39 44  (5)
2024-09-23
16 23 24 44 49  (6)
2024-09-19
06 23 29 33 39  (5)
2024-09-16
15 31 34 39 44  (3)
2024-09-12
06 41 42 43 49  (1)
2024-09-09
16 17 18 23 46  (4)
2024-09-05
22 23 24 27 38  (7)
2024-09-02
07 09 28 31 45  (4)
2024-08-29
11 12 20 27 32  (4)
2024-08-26
05 11 13 17 22  (2)
2024-08-22
04 07 18 20 46  (6)
2024-08-19
04 06 29 44 45  (2)
2024-08-15
01 03 19 40 46  (6)
2024-08-12
22 34 37 44 48  (2)
2024-08-08
28 33 35 37 42  (7)
2024-08-05
02 11 22 28 45  (5)
2024-08-01
01 18 22 26 34  (1)
2024-07-29
19 24 30 31 45  (7)
2024-07-25
01 24 42 43 47  (5)
2024-07-22
06 29 37 41 46  (6)
2024-07-18
12 13 25 34 42  (7)
2024-07-15
05 19 28 42 46  (3)
2024-07-11
07 16 24 27 48  (4)
2024-07-08
22 28 31 36 49  (6)
2024-07-04
02 17 19 34 38  (5)
2024-07-01
01 18 20 46 48  (3)
2024-06-27
07 17 20 29 45  (4)
2024-06-24
07 20 30 33 41  (6)
2024-06-20
16 23 24 31 39  (7)
2024-06-17
12 23 24 36 45  (3)
Lots bonis
03 06 11 35 47
03 17 18 20 49
12 24 25 39 47
2024-06-13
05 09 17 18 36  (6)
Lots bonis
02 04 21 23 34
03 05 28 30 42
21 32 37 40 45
2024-06-10
14 18 37 39 44  (1)
2024-06-06
01 03 23 25 26  (4)
2024-06-03
10 24 26 28 33  (1)
2024-05-30
14 18 23 36 44  (7)
2024-05-27
16 27 36 45 47  (2)
2024-05-23
11 31 37 42 45  (7)
2024-05-20
08 14 16 38 39  (6)
2024-05-16
16 25 30 35 36  (2)
2024-05-13
05 24 33 44 46  (7)
2024-05-09
03 07 18 21 47  (3)
2024-05-06
06 14 26 28 34  (4)
2024-05-02
10 11 16 43 47  (5)
2024-04-29
18 27 41 43 48  (2)
2024-04-25
03 12 15 19 37  (4)
2024-04-22
07 13 17 22 44  (6)
2024-04-18
06 12 17 41 48  (2)
2024-04-15
04 21 23 37 43  (2)
2024-04-11
13 14 22 28 42  (6)
2024-04-08
09 17 31 34 48  (2)
2024-04-04
03 04 08 13 33  (1)
2024-04-01
04 07 10 32 33  (4)
2024-03-28
06 27 32 42 49  (5)
2024-03-25
15 28 34 37 41  (6)
2024-03-21
18 22 29 32 34  (5)
2024-03-18
07 14 29 35 38  (5)
2024-03-14
11 18 25 28 42  (7)
2024-03-11
10 19 23 25 36  (7)
2024-03-07
13 28 37 42 49  (7)
2024-03-04
05 13 34 39 42  (6)
2024-02-29
07 15 22 36 42  (2)
2024-02-26
08 11 17 23 38  (1)
2024-02-22
03 21 27 30 35  (3)
2024-02-19
01 10 21 24 33  (1)
2024-02-15
04 22 35 40 44  (4)
2024-02-12
04 20 29 33 43  (5)
2024-02-08
06 19 38 42 47  (6)
2024-02-05
07 09 39 44 46  (2)
2024-02-01
17 20 36 37 46  (2)
2024-01-29
09 19 22 47 49  (3)
2024-01-25
07 11 30 31 47  (6)
2024-01-22
24 29 32 44 49  (1)
2024-01-18
12 17 19 23 41  (6)
Lots bonis
08 20 33 40 48
12 27 32 46 49
17 35 36 38 44
2024-01-15
10 12 21 45 46  (1)
Lots bonis
01 02 24 36 38
10 19 31 37 41
20 27 38 43 48
2024-01-11
02 03 20 35 46  (4)
2024-01-08
02 06 14 37 43  (1)
2024-01-04
27 38 42 47 49  (7)
2024-01-01
10 27 34 46 49  (6)
06 21 40 45 47
02 18 27 40 43
01 04 09 30 34
02 05 42 44 46
18 30 33 37 42
01 32 35 45 48
06 10 15 27 44
10 22 30 33 42
01 05 36 48 49
08 15 16 31 43
03 24 25 35 42
07 17 25 36 42
07 26 44 47 48
02 06 13 27 42
10 16 29 37 40
13 26 30 36 39
14 25 28 32 37
01 05 09 27 40
02 04 08 32 34
37 39 45 48 49
02 14 15 19 47
03 14 23 37 47
02 11 25 28 31
09 11 20 28 42
12 22 30 45 48
13 18 19 20 45
05 07 34 38 42
12 23 25 31 43
01 07 18 46 49
01 15 16 29 32
29 31 46 47 48
23 32 42 44 49
22 23 24 26 27
03 05 14 45 48
02 18 27 39 48
09 35 37 39 45
07 10 15 40 47
01 21 25 37 42
06 08 09 24 41
15 21 33 37 47
24 35 36 43 44
04 07 22 37 42
02 08 10 23 31
09 35 45 47 49
12 21 32 37 48
16 18 31 34 45
06 08 32 33 37
07 11 17 20 21
25 30 35 36 38
11 14 32 35 44
07 12 39 42 48
11 28 44 45 47
05 20 25 27 49
02 03 08 09 35
16 25 31 42 47
17 22 26 37 43
07 09 14 21 22
01 02 39 41 49
03 11 12 30 43
01 02 03 09 37
